0,
Grid:
20,20
....................
....................
....................
....................
....................
....................
....................
....................
....................
....................
....................
....................
....................
....................
....................
....................
....................
....................
....................
....................
Agents:
50
0,10,11,1,6
1,17,12,1,4
2,15,11,9,5
3,16,6,7,17
4,8,17,10,13
5,16,17,18,12
6,10,12,2,2
7,1,3,4,12
8,8,4,15,6
9,13,9,6,0
10,10,13,11,18
11,10,3,5,8
12,4,9,18,17
13,6,4,12,7
14,17,1,17,19
15,7,12,10,1
16,1,18,5,13
17,3,16,12,12
18,6,17,2,9
19,10,0,10,14
20,14,6,11,15
21,15,8,11,14
22,17,18,17,12
23,15,13,8,3
24,14,0,11,4
25,14,12,8,14
26,12,4,9,4
27,17,7,5,15
28,8,12,14,16
29,9,12,11,11
30,0,6,13,19
31,4,14,7,4
32,0,15,8,8
33,6,2,5,7
34,9,14,5,6
35,17,16,8,9
36,3,12,1,1
37,3,4,0,8
38,5,7,3,1
39,10,7,8,10
40,18,10,3,17
41,11,5,16,8
42,4,0,8,5
43,3,19,6,18
44,12,16,13,17
45,10,17,15,9
46,9,1,6,4
47,15,3,12,16
48,13,18,17,2
49,9,13,12,10
